-99.000000 -0.005205
-98.000000 -0.005732
-97.000000 -0.006047
-96.000000 -0.005443
-95.000000 -0.006883
-94.000000 -0.007213
-93.000000 -0.005794
-92.000000 -0.007216
-91.000000 -0.005255
-90.000000 -0.008193
-89.000000 -0.009689
-88.000000 -0.013400
-87.000000 -0.013844
-86.000000 -0.005867
-85.000000 -0.004115
-84.000000 -0.002718
-83.000000 -0.003885
-82.000000 -0.006118
-81.000000 -0.005855
-80.000000 -0.007462
-79.000000 -0.008963
-78.000000 -0.007564
-77.000000 -0.008240
-76.000000 -0.004743
-75.000000 0.000487
-74.000000 0.002616
-73.000000 0.000541
-72.000000 -0.002341
-71.000000 -0.000695
-70.000000 0.002035
-69.000000 0.003814
-68.000000 0.003350
-67.000000 0.001820
-66.000000 0.005122
-65.000000 0.010323
-64.000000 0.015592
-63.000000 0.019413
-62.000000 0.023960
-61.000000 0.023673
-60.000000 0.025752
-59.000000 0.023996
-58.000000 0.023814
-57.000000 0.026511
-56.000000 0.024851
-55.000000 0.021772
-54.000000 0.021178
-53.000000 0.018893
-52.000000 0.017092
-51.000000 0.018248
-50.000000 0.019676
-49.000000 0.023351
-48.000000 0.025374
-47.000000 0.023604
-46.000000 0.023200
-45.000000 0.024105
-44.000000 0.023227
-43.000000 0.021964
-42.000000 0.021347
-41.000000 0.023559
-40.000000 0.025459
-39.000000 0.025907
-38.000000 0.026202
-37.000000 0.025566
-36.000000 0.025754
-35.000000 0.028288
-34.000000 0.026345
-33.000000 0.023572
-32.000000 0.021207
-31.000000 0.019754
-30.000000 0.017280
-29.000000 0.012149
-28.000000 0.009930
-27.000000 0.010361
-26.000000 0.014185
-25.000000 0.017608
-24.000000 0.018108
-23.000000 0.019117
-22.000000 0.023898
-21.000000 0.029835
-20.000000 0.033250
-19.000000 0.032639
-18.000000 0.031309
-17.000000 0.032179
-16.000000 0.034048
-15.000000 0.034733
-14.000000 0.034723
-13.000000 0.033353
-12.000000 0.036012
-11.000000 0.034485
-10.000000 0.034301
-9.000000 0.034227
-8.000000 0.031870
-7.000000 0.034087
-6.000000 0.037981
-5.000000 0.040320
-4.000000 0.042341
-3.000000 0.044864
-2.000000 0.048209
-1.000000 0.048569
0.000000 0.059056
1.000000 0.077617
2.000000 0.080064
3.000000 0.083223
4.000000 0.083156
5.000000 0.086568
6.000000 0.093556
7.000000 0.094493
8.000000 0.093305
9.000000 0.092671
10.000000 0.089109
11.000000 0.086635
12.000000 0.083854
13.000000 0.081000
14.000000 0.081718
15.000000 0.081264
16.000000 0.080052
17.000000 0.080776
18.000000 0.081106
19.000000 0.084688
20.000000 0.088082
21.000000 0.087678
22.000000 0.083066
23.000000 0.079671
24.000000 0.078395
25.000000 0.076123
26.000000 0.074146
27.000000 0.075105
28.000000 0.076469
29.000000 0.076295
30.000000 0.076652
31.000000 0.074468
32.000000 0.073253
33.000000 0.072823
34.000000 0.073479
35.000000 0.071037
36.000000 0.068304
37.000000 0.067826
38.000000 0.071157
39.000000 0.075308
40.000000 0.077492
41.000000 0.080725
42.000000 0.081352
43.000000 0.082013
44.000000 0.082440
45.000000 0.088198
46.000000 0.091306
47.000000 0.099202
48.000000 0.102825
49.000000 0.105606
50.000000 0.108709
51.000000 0.109417
52.000000 0.110639
53.000000 0.113217
54.000000 0.113096
55.000000 0.112593
56.000000 0.111598
57.000000 0.110616
58.000000 0.111264
59.000000 0.113088
60.000000 0.114205
61.000000 0.118631
62.000000 0.118263
63.000000 0.115716
64.000000 0.116664
65.000000 0.115215
66.000000 0.117287
67.000000 0.116752
68.000000 0.114680
69.000000 0.115521
70.000000 0.118812
71.000000 0.120967
72.000000 0.122368
73.000000 0.121452
74.000000 0.120023
75.000000 0.120853
76.000000 0.120260
77.000000 0.119773
78.000000 0.121244
79.000000 0.122474
80.000000 0.123084
81.000000 0.124858
82.000000 0.124178
83.000000 0.123609
84.000000 0.121148
85.000000 0.119287
86.000000 0.113610
87.000000 0.112821
88.000000 0.107058
89.000000 0.102866
90.000000 0.099487
91.000000 0.092507
92.000000 0.081330
93.000000 0.077369
94.000000 0.074443
95.000000 0.070397
96.000000 0.067511
97.000000 0.064514
98.000000 0.065911
99.000000 0.065699
100.000000 0.062661
