-99.000000 0.000473
-98.000000 -0.000588
-97.000000 -0.002138
-96.000000 -0.000794
-95.000000 -0.000447
-94.000000 -0.002605
-93.000000 -0.001880
-92.000000 -0.002805
-91.000000 -0.005426
-90.000000 -0.006499
-89.000000 -0.006394
-88.000000 -0.007238
-87.000000 -0.007400
-86.000000 -0.007084
-85.000000 -0.007396
-84.000000 -0.006985
-83.000000 -0.007100
-82.000000 -0.006671
-81.000000 -0.006671
-80.000000 -0.006937
-79.000000 -0.008853
-78.000000 -0.010611
-77.000000 -0.009667
-76.000000 -0.006944
-75.000000 -0.004397
-74.000000 -0.004415
-73.000000 -0.004930
-72.000000 -0.004277
-71.000000 -0.001628
-70.000000 0.001539
-69.000000 0.003288
-68.000000 0.002804
-67.000000 0.003628
-66.000000 0.005799
-65.000000 0.006056
-64.000000 0.006271
-63.000000 0.009717
-62.000000 0.009736
-61.000000 0.008457
-60.000000 0.007430
-59.000000 0.006104
-58.000000 0.007209
-57.000000 0.009155
-56.000000 0.009060
-55.000000 0.006888
-54.000000 0.007129
-53.000000 0.006702
-52.000000 0.008161
-51.000000 0.009820
-50.000000 0.010760
-49.000000 0.011341
-48.000000 0.011147
-47.000000 0.012395
-46.000000 0.012050
-45.000000 0.012248
-44.000000 0.012361
-43.000000 0.013332
-42.000000 0.012084
-41.000000 0.013118
-40.000000 0.013869
-39.000000 0.012758
-38.000000 0.012694
-37.000000 0.012827
-36.000000 0.015083
-35.000000 0.014217
-34.000000 0.014078
-33.000000 0.012935
-32.000000 0.012004
-31.000000 0.011402
-30.000000 0.009552
-29.000000 0.008111
-28.000000 0.007984
-27.000000 0.008203
-26.000000 0.010221
-25.000000 0.010743
-24.000000 0.011936
-23.000000 0.013746
-22.000000 0.014598
-21.000000 0.014634
-20.000000 0.015221
-19.000000 0.016529
-18.000000 0.018270
-17.000000 0.019757
-16.000000 0.021359
-15.000000 0.018428
-14.000000 0.018661
-13.000000 0.019840
-12.000000 0.022548
-11.000000 0.021870
-10.000000 0.021839
-9.000000 0.023052
-8.000000 0.023070
-7.000000 0.025145
-6.000000 0.028469
-5.000000 0.028661
-4.000000 0.029404
-3.000000 0.029596
-2.000000 0.029924
-1.000000 0.032536
0.000000 0.032458
1.000000 0.033802
2.000000 0.037064
3.000000 0.039335
4.000000 0.042260
5.000000 0.047459
6.000000 0.051774
7.000000 0.052827
8.000000 0.053409
9.000000 0.053317
10.000000 0.051822
11.000000 0.051136
12.000000 0.050916
13.000000 0.050443
14.000000 0.049448
15.000000 0.049132
16.000000 0.047729
17.000000 0.048097
18.000000 0.047477
19.000000 0.047339
20.000000 0.047636
21.000000 0.046761
22.000000 0.045659
23.000000 0.043817
24.000000 0.042936
25.000000 0.043589
26.000000 0.041558
27.000000 0.042155
28.000000 0.042112
29.000000 0.041542
30.000000 0.040916
31.000000 0.037826
32.000000 0.036985
33.000000 0.036297
34.000000 0.036360
35.000000 0.036476
36.000000 0.034772
37.000000 0.034901
38.000000 0.036979
39.000000 0.038210
40.000000 0.040676
41.000000 0.043906
42.000000 0.044977
43.000000 0.044446
44.000000 0.046603
45.000000 0.047749
46.000000 0.051990
47.000000 0.053768
48.000000 0.055689
49.000000 0.056690
50.000000 0.056017
51.000000 0.054926
52.000000 0.055835
53.000000 0.056414
54.000000 0.056153
55.000000 0.056232
56.000000 0.055290
57.000000 0.055318
58.000000 0.054323
59.000000 0.053950
60.000000 0.055020
61.000000 0.054837
62.000000 0.053200
63.000000 0.052493
64.000000 0.051936
65.000000 0.051334
66.000000 0.052760
67.000000 0.053584
68.000000 0.052881
69.000000 0.054076
70.000000 0.055186
71.000000 0.056939
72.000000 0.059128
73.000000 0.057117
74.000000 0.057418
75.000000 0.056939
76.000000 0.057906
77.000000 0.060343
78.000000 0.062702
79.000000 0.061836
80.000000 0.061986
81.000000 0.062477
82.000000 0.063159
83.000000 0.062789
84.000000 0.061593
85.000000 0.060833
86.000000 0.057743
87.000000 0.054781
88.000000 0.051452
89.000000 0.049000
90.000000 0.043036
91.000000 0.037060
92.000000 0.031696
93.000000 0.027694
94.000000 0.021612
95.000000 0.016475
96.000000 0.012193
97.000000 0.008444
98.000000 0.006565
99.000000 0.004695
100.000000 0.002884
