-99.000000 -0.001707
-98.000000 -0.001038
-97.000000 -0.003256
-96.000000 -0.000570
-95.000000 -0.001550
-94.000000 -0.001747
-93.000000 -0.000766
-92.000000 -0.001829
-91.000000 -0.002134
-90.000000 -0.003321
-89.000000 -0.003760
-88.000000 -0.004822
-87.000000 -0.003512
-86.000000 -0.000108
-85.000000 -0.000663
-84.000000 0.001569
-83.000000 -0.000007
-82.000000 -0.002971
-81.000000 -0.001565
-80.000000 0.000352
-79.000000 -0.001765
-78.000000 -0.002524
-77.000000 -0.003836
-76.000000 0.000936
-75.000000 0.006681
-74.000000 0.007951
-73.000000 0.004524
-72.000000 0.000490
-71.000000 0.001206
-70.000000 0.004185
-69.000000 0.006293
-68.000000 0.005631
-67.000000 0.005820
-66.000000 0.008838
-65.000000 0.012668
-64.000000 0.012175
-63.000000 0.013491
-62.000000 0.015251
-61.000000 0.014312
-60.000000 0.018341
-59.000000 0.017522
-58.000000 0.018565
-57.000000 0.021182
-56.000000 0.017894
-55.000000 0.013294
-54.000000 0.011913
-53.000000 0.009168
-52.000000 0.008063
-51.000000 0.010840
-50.000000 0.013827
-49.000000 0.015094
-48.000000 0.016237
-47.000000 0.015636
-46.000000 0.014466
-45.000000 0.015102
-44.000000 0.013451
-43.000000 0.013209
-42.000000 0.009983
-41.000000 0.012339
-40.000000 0.014736
-39.000000 0.016064
-38.000000 0.023468
-37.000000 0.021774
-36.000000 0.023506
-35.000000 0.025636
-34.000000 0.021278
-33.000000 0.016696
-32.000000 0.015464
-31.000000 0.013071
-30.000000 0.007976
-29.000000 0.006138
-28.000000 0.001145
-27.000000 0.001194
-26.000000 0.005543
-25.000000 0.005979
-24.000000 0.008931
-23.000000 0.010792
-22.000000 0.014516
-21.000000 0.014082
-20.000000 0.011939
-19.000000 0.010220
-18.000000 0.010962
-17.000000 0.014179
-16.000000 0.016212
-15.000000 0.014322
-14.000000 0.014037
-13.000000 0.016884
-12.000000 0.020893
-11.000000 0.017921
-10.000000 0.017955
-9.000000 0.016511
-8.000000 0.013754
-7.000000 0.016817
-6.000000 0.020512
-5.000000 0.022488
-4.000000 0.023685
-3.000000 0.024563
-2.000000 0.028709
-1.000000 0.028421
0.000000 0.011630
1.000000 -0.004938
2.000000 -0.005792
3.000000 -0.005940
4.000000 -0.005102
5.000000 0.001358
6.000000 0.007793
7.000000 0.007896
8.000000 0.010187
9.000000 0.007454
10.000000 0.001331
11.000000 0.001799
12.000000 -0.000027
13.000000 -0.003082
14.000000 -0.003156
15.000000 -0.003631
16.000000 -0.004106
17.000000 -0.002783
18.000000 -0.001445
19.000000 -0.002031
20.000000 -0.000729
21.000000 -0.003177
22.000000 -0.005595
23.000000 -0.009094
24.000000 -0.012054
25.000000 -0.013055
26.000000 -0.014599
27.000000 -0.013153
28.000000 -0.013286
29.000000 -0.014331
30.000000 -0.014060
31.000000 -0.012567
32.000000 -0.013818
33.000000 -0.013951
34.000000 -0.014676
35.000000 -0.017438
36.000000 -0.021074
37.000000 -0.021109
38.000000 -0.018805
39.000000 -0.015547
40.000000 -0.014647
41.000000 -0.008802
42.000000 -0.007155
43.000000 -0.006732
44.000000 -0.004334
45.000000 0.001475
46.000000 0.007087
47.000000 0.016075
48.000000 0.018668
49.000000 0.020302
50.000000 0.021598
51.000000 0.022495
52.000000 0.023759
53.000000 0.027288
54.000000 0.028821
55.000000 0.029019
56.000000 0.028407
57.000000 0.030730
58.000000 0.029879
59.000000 0.032998
60.000000 0.036031
61.000000 0.037208
62.000000 0.035909
63.000000 0.033781
64.000000 0.029125
65.000000 0.027684
66.000000 0.027144
67.000000 0.024891
68.000000 0.022343
69.000000 0.021729
70.000000 0.026112
71.000000 0.028059
72.000000 0.030249
73.000000 0.026558
74.000000 0.026609
75.000000 0.026655
76.000000 0.028342
77.000000 0.030137
78.000000 0.033021
79.000000 0.030274
80.000000 0.030833
81.000000 0.032768
82.000000 0.029438
83.000000 0.027800
84.000000 0.027171
85.000000 0.023498
86.000000 0.017266
87.000000 0.014752
88.000000 0.009174
89.000000 0.005017
90.000000 -0.001493
91.000000 -0.009725
92.000000 -0.018690
93.000000 -0.023420
94.000000 -0.029877
95.000000 -0.037818
96.000000 -0.043845
97.000000 -0.052059
98.000000 -0.052963
99.000000 -0.054510
100.000000 -0.056715
